              precision    recall  f1-score   support

           0       1.00      1.00      1.00         8
           1       1.00      1.00      1.00         8
           2       0.78      0.88      0.82         8
           3       0.88      0.88      0.88         8
           4       1.00      1.00      1.00         8
           5       1.00      1.00      1.00         8
           6       1.00      1.00      1.00         8
           7       1.00      0.88      0.93         8
           8       1.00      1.00      1.00         8
           9       1.00      1.00      1.00         8

    accuracy                           0.96        80
   macro avg       0.97      0.96      0.96        80
weighted avg       0.97      0.96      0.96        80
